{
  "asset": {
    "version": "2.0",
    "generator": "THREE.GLTFExporter"
  },
  "scenes": [
    {
      "nodes": [
        262
      ],
      "name": "AuxScene"
    }
  ],
  "scene": 0,
  "nodes": [
    {
      "matrix": [
        0.6859206747930985,
        0.7276763257713472,
        -1.3469246857747922e-9,
        0,
        -0.3240134742286536,
        0.30542087510514415,
        0.8953956214314719,
        0,
        0.6515582026644055,
        -0.6141703785685277,
        0.4452714314661661,
        0,
        7.358891,
        -6.925791,
        4.958309,
        1
      ],
      "name": "PerspectiveCamera.004",
      "camera": 0
    },
    {
      "matrix": [
        -0.9043286114426413,
        -0.4268369666877217,
        -1.8971320665268095e-7,
        0,
        0.050338893312274216,
        -0.10665217089284404,
        0.9930211991721275,
        0,
        -0.4238581891007942,
        0.8980175008278725,
        0.11793511766451706,
        0,
        -6.904746,
        19.95304,
        6.517315,
        1
      ],
      "name": "PerspectiveCamera.002",
      "camera": 1
    },
    {
      "matrix": [
        1.0000000000000002,
        -1.3877788487571763e-17,
        1.490115e-8,
        0,
        -1.387778709979291e-17,
        0.9999999,
        1.86264645343385e-9,
        0,
        -1.4901149999999994e-8,
        -1.862646639698514e-9,
        0.9999999999999999,
        0,
        3.620476,
        8.74924,
        1.668996,
        1
      ],
      "name": "group_0",
      "mesh": 0
    },
    {
      "matrix": [
        1.0000000000000002,
        -1.3877788487571763e-17,
        1.490115e-8,
        0,
        -1.387778709979291e-17,
        0.9999999,
        1.86264645343385e-9,
        0,
        -1.4901149999999994e-8,
        -1.862646639698514e-9,
        0.9999999999999999,
        0,
        3.620476,
        8.74924,
        1.668996,
        1
      ],
      "name": "group_0.001",
      "mesh": 1
    },
    {
      "matrix": [
        1.0000000000000002,
        -1.3877788487571763e-17,
        1.490115e-8,
        0,
        -1.387778709979291e-17,
        0.9999999,
        1.86264645343385e-9,
        0,
        -1.4901149999999994e-8,
        -1.862646639698514e-9,
        0.9999999999999999,
        0,
        3.620476,
        8.74924,
        1.668996,
        1
      ],
      "name": "group_0.002",
      "mesh": 2
    },
    {
      "matrix": [
        1.0000000000000009,
        -9.313250867363117e-10,
        7.450580297914616e-8,
        0,
        -9.313248201311933e-10,
        -0.9999998999999996,
        -2.3283100346945537e-9,
        0,
        -7.45057955307341e-8,
        -2.3283099653054476e-9,
        0.999999899999999,
        0,
        3.620478,
        5.837343,
        1.668998,
        1
      ],
      "name": "group_1",
      "mesh": 3
    },
    {
      "matrix": [
        1.0000000000000009,
        -9.313250867363117e-10,
        7.450580297914616e-8,
        0,
        -9.313248201311933e-10,
        -0.9999998999999996,
        -2.3283100346945537e-9,
        0,
        -7.45057955307341e-8,
        -2.3283099653054476e-9,
        0.999999899999999,
        0,
        3.620478,
        5.837343,
        1.668998,
        1
      ],
      "name": "group_1.001",
      "mesh": 4
    },
    {
      "matrix": [
        1.0000000000000009,
        -9.313250867363117e-10,
        7.450580297914616e-8,
        0,
        -9.313248201311933e-10,
        -0.9999998999999996,
        -2.3283100346945537e-9,
        0,
        -7.45057955307341e-8,
        -2.3283099653054476e-9,
        0.999999899999999,
        0,
        3.620478,
        5.837343,
        1.668998,
        1
      ],
      "name": "group_1.002",
      "mesh": 5
    },
    {
      "matrix": [
        0.9701410901362156,
        -0.001755706385621351,
        0.24253543945962094,
        0,
        0.00516193161437859,
        0.99989679998484,
        -0.013409490893924405,
        0,
        -0.24248686054037866,
        0.014261049106075504,
        0.9700500098770198,
        0,
        3.148501,
        8.866954,
        1.594985,
        1
      ],
      "name": "group_2",
      "mesh": 6
    },
    {
      "matrix": [
        0.9701410901362156,
        -0.001755706385621351,
        0.24253543945962094,
        0,
        0.00516193161437859,
        0.99989679998484,
        -0.013409490893924405,
        0,
        -0.24248686054037866,
        0.014261049106075504,
        0.9700500098770198,
        0,
        3.148501,
        8.866954,
        1.594985,
        1
      ],
      "name": "group_2.001",
      "mesh": 7
    },
    {
      "matrix": [
        0.9701410901362156,
        -0.001755706385621351,
        0.24253543945962094,
        0,
        0.00516193161437859,
        0.99989679998484,
        -0.013409490893924405,
        0,
        -0.24248686054037866,
        0.014261049106075504,
        0.9700500098770198,
        0,
        3.148501,
        8.866954,
        1.594985,
        1
      ],
      "name": "group_2.002",
      "mesh": 8
    },
    {
      "matrix": [
        0.9701410901362156,
        -0.001755706385621351,
        0.24253543945962094,
        0,
        0.00516193161437859,
        0.99989679998484,
        -0.013409490893924405,
        0,
        -0.24248686054037866,
        0.014261049106075504,
        0.9700500098770198,
        0,
        3.148501,
        8.866954,
        1.594985,
        1
      ],
      "name": "group_2.003",
      "mesh": 9
    },
    {
      "matrix": [
        0.9701410901362156,
        -0.001755706385621351,
        0.24253543945962094,
        0,
        0.00516193161437859,
        0.99989679998484,
        -0.013409490893924405,
        0,
        -0.24248686054037866,
        0.014261049106075504,
        0.9700500098770198,
        0,
        3.148501,
        8.866954,
        1.594985,
        1
      ],
      "name": "group_2.004",
      "mesh": 10
    },
    {
      "matrix": [
        0.9701410901362156,
        -0.001755706385621351,
        0.24253543945962094,
        0,
        0.00516193161437859,
        0.99989679998484,
        -0.013409490893924405,
        0,
        -0.24248686054037866,
        0.014261049106075504,
        0.9700500098770198,
        0,
        3.148501,
        8.866954,
        1.594985,
        1
      ],
      "name": "group_2.005",
      "mesh": 11
    },
    {
      "matrix": [
        0.9701410901362156,
        -0.001755706385621351,
        0.24253543945962094,
        0,
        0.00516193161437859,
        0.99989679998484,
        -0.013409490893924405,
        0,
        -0.24248686054037866,
        0.014261049106075504,
        0.9700500098770198,
        0,
        3.148501,
        8.866954,
        1.594985,
        1
      ],
      "name": "group_2.006",
      "mesh": 12
    },
    {
      "matrix": [
        0.9701410901362156,
        -0.001755706385621351,
        0.24253543945962094,
        0,
        0.00516193161437859,
        0.99989679998484,
        -0.013409490893924405,
        0,
        -0.24248686054037866,
        0.014261049106075504,
        0.9700500098770198,
        0,
        3.148501,
        8.866954,
        1.594985,
        1
      ],
      "name": "group_2.007",
      "mesh": 13
    },
    {
      "matrix": [
        0.9701410901362156,
        -0.001755706385621351,
        0.24253543945962094,
        0,
        0.00516193161437859,
        0.99989679998484,
        -0.013409490893924405,
        0,
        -0.24248686054037866,
        0.014261049106075504,
        0.9700500098770198,
        0,
        3.148501,
        8.866954,
        1.594985,
        1
      ],
      "name": "group_2.008",
      "mesh": 14
    },
    {
      "matrix": [
        0.9701410901362156,
        -0.001755706385621351,
        0.24253543945962094,
        0,
        0.00516193161437859,
        0.99989679998484,
        -0.013409490893924405,
        0,
        -0.24248686054037866,
        0.014261049106075504,
        0.9700500098770198,
        0,
        3.224889,
        5.501228,
        1.614081,
        1
      ],
      "name": "group_3",
      "mesh": 15
    },
    {
      "matrix": [
        0.9701410901362156,
        -0.001755706385621351,
        0.24253543945962094,
        0,
        0.00516193161437859,
        0.99989679998484,
        -0.013409490893924405,
        0,
        -0.24248686054037866,
        0.014261049106075504,
        0.9700500098770198,
        0,
        3.224889,
        5.501228,
        1.614081,
        1
      ],
      "name": "group_3.001",
      "mesh": 16
    },
    {
      "matrix": [
        0.9701410901362156,
        -0.001755706385621351,
        0.24253543945962094,
        0,
        0.00516193161437859,
        0.99989679998484,
        -0.013409490893924405,
        0,
        -0.24248686054037866,
        0.014261049106075504,
        0.9700500098770198,
        0,
        3.224889,
        5.501228,
        1.614081,
        1
      ],
      "name": "group_3.002",
      "mesh": 17
    },
    {
      "matrix": [
        0.9701410901362156,
        -0.001755706385621351,
        0.24253543945962094,
        0,
        0.00516193161437859,
        0.99989679998484,
        -0.013409490893924405,
        0,
        -0.24248686054037866,
        0.014261049106075504,
        0.9700500098770198,
        0,
        3.224889,
        5.501228,
        1.614081,
        1
      ],
      "name": "group_3.003",
      "mesh": 18
    },
    {
      "matrix": [
        0.9701410901362156,
        -0.001755706385621351,
        0.24253543945962094,
        0,
        0.00516193161437859,
        0.99989679998484,
        -0.013409490893924405,
        0,
        -0.24248686054037866,
        0.014261049106075504,
        0.9700500098770198,
        0,
        3.224889,
        5.501228,
        1.614081,
        1
      ],
      "name": "group_3.004",
      "mesh": 19
    },
    {
      "matrix": [
        0.9701410901362156,
        -0.001755706385621351,
        0.24253543945962094,
        0,
        0.00516193161437859,
        0.99989679998484,
        -0.013409490893924405,
        0,
        -0.24248686054037866,
        0.014261049106075504,
        0.9700500098770198,
        0,
        3.224889,
        5.501228,
        1.614081,
        1
      ],
      "name": "group_3.005",
      "mesh": 20
    },
    {
      "matrix": [
        0.9701410901362156,
        -0.001755706385621351,
        0.24253543945962094,
        0,
        0.00516193161437859,
        0.99989679998484,
        -0.013409490893924405,
        0,
        -0.24248686054037866,
        0.014261049106075504,
        0.9700500098770198,
        0,
        3.224889,
        5.501228,
        1.614081,
        1
      ],
      "name": "group_3.006",
      "mesh": 21
    },
    {
      "matrix": [
        0.9701410901362156,
        -0.001755706385621351,
        0.24253543945962094,
        0,
        0.00516193161437859,
        0.99989679998484,
        -0.013409490893924405,
        0,
        -0.24248686054037866,
        0.014261049106075504,
        0.9700500098770198,
        0,
        3.224889,
        5.501228,
        1.614081,
        1
      ],
      "name": "group_3.007",
      "mesh": 22
    },
    {
      "matrix": [
        0.9701410901362156,
        -0.001755706385621351,
        0.24253543945962094,
        0,
        0.00516193161437859,
        0.99989679998484,
        -0.013409490893924405,
        0,
        -0.24248686054037866,
        0.014261049106075504,
        0.9700500098770198,
        0,
        3.224889,
        5.501228,
        1.614081,
        1
      ],
      "name": "group_3.008",
      "mesh": 23
    },
    {
      "matrix": [
        -1.3550749965959224e-7,
        -0.9999999000000003,
        -1.8626517712014594e-9,
        0,
        0.9999999,
        -1.355074996595922e-7,
        1.3969851518798276e-8,
        0,
        -1.3969853168186642e-8,
        -1.8626500644465878e-9,
        0.9999999999999999,
        0,
        3.107862,
        7.848438,
        4.412195,
        1
      ],
      "name": "group_4",
      "mesh": 24
    },
    {
      "matrix": [
        -1.3550749965959224e-7,
        -0.9999999000000003,
        -1.8626517712014594e-9,
        0,
        0.9999999,
        -1.355074996595922e-7,
        1.3969851518798276e-8,
        0,
        -1.3969853168186642e-8,
        -1.8626500644465878e-9,
        0.9999999999999999,
        0,
        3.107862,
        7.848438,
        4.412195,
        1
      ],
      "name": "group_4.001",
      "mesh": 25
    },
    {
      "matrix": [
        -1.3550749965959224e-7,
        -0.9999999000000003,
        -1.8626517712014594e-9,
        0,
        0.9999999,
        -1.355074996595922e-7,
        1.3969851518798276e-8,
        0,
        -1.3969853168186642e-8,
        -1.8626500644465878e-9,
        0.9999999999999999,
        0,
        3.451785,
        7.887808,
        3.069264,
        1
      ],
      "name": "group_5",
      "mesh": 26
    },
    {
      "matrix": [
        -1.3550749965959224e-7,
        -0.9999999000000003,
        -1.8626517712014594e-9,
        0,
        0.9999999,
        -1.355074996595922e-7,
        1.3969851518798276e-8,
        0,
        -1.3969853168186642e-8,
        -1.8626500644465878e-9,
        0.9999999999999999,
        0,
        3.451785,
        7.887808,
        3.069264,
        1
      ],
      "name": "group_5.001",
      "mesh": 27
    },
    {
      "matrix": [
        -1.3550749965959224e-7,
        -0.9999999000000003,
        -1.8626517712014594e-9,
        0,
        0.9999999,
        -1.355074996595922e-7,
        1.3969851518798276e-8,
        0,
        -1.3969853168186642e-8,
        -1.8626500644465878e-9,
        0.9999999999999999,
        0,
        4.87851,
        7.966547,
        3.069263,
        1
      ],
      "name": "group_6",
      "mesh": 28
    },
    {
      "matrix": [
        -1.3550749965959224e-7,
        -0.9999999000000003,
        -1.8626517712014594e-9,
        0,
        0.9999999,
        -1.355074996595922e-7,
        1.3969851518798276e-8,
        0,
        -1.3969853168186642e-8,
        -1.8626500644465878e-9,
        0.9999999999999999,
        0,
        4.87851,
        7.966547,
        3.069263,
        1
      ],
      "name": "group_6.001",
      "mesh": 29
    },
    {
      "matrix": [
        -1.3550749965959224e-7,
        -0.9999999000000003,
        -1.8626517712014594e-9,
        0,
        0.9999999,
        -1.355074996595922e-7,
        1.3969851518798276e-8,
        0,
        -1.3969853168186642e-8,
        -1.8626500644465878e-9,
        0.9999999999999999,
        0,
        3.970238,
        7.957376,
        7.895988,
        1
      ],
      "name": "group_7",
      "mesh": 30
    },
    {
      "matrix": [
        -1.3550749965959224e-7,
        -0.9999999000000003,
        -1.8626517712014594e-9,
        0,
        0.9999999,
        -1.355074996595922e-7,
        1.3969851518798276e-8,
        0,
        -1.3969853168186642e-8,
        -1.8626500644465878e-9,
        0.9999999999999999,
        0,
        3.970238,
        7.957376,
        7.895988,
        1
      ],
      "name": "group_7.001",
      "mesh": 31
    },
    {
      "matrix": [
        -1.3550749965959224e-7,
        -0.9999999000000003,
        -1.8626517712014594e-9,
        0,
        0.9999999,
        -1.355074996595922e-7,
        1.3969851518798276e-8,
        0,
        -1.3969853168186642e-8,
        -1.8626500644465878e-9,
        0.9999999999999999,
        0,
        5.648571,
        7.966549,
        6.431177,
        1
      ],
      "name": "group_8",
      "mesh": 32
    },
    {
      "matrix": [
        -1.3550749965959224e-7,
        -0.9999999000000003,
        -1.8626517712014594e-9,
        0,
        0.9999999,
        -1.355074996595922e-7,
        1.3969851518798276e-8,
        0,
        -1.3969853168186642e-8,
        -1.8626500644465878e-9,
        0.9999999999999999,
        0,
        5.648571,
        7.966549,
        6.431177,
        1
      ],
      "name": "group_8.001",
      "mesh": 33
    },
    {
      "matrix": [
        -1.3550749965959224e-7,
        -0.9999999000000003,
        -1.8626517712014594e-9,
        0,
        0.9999999,
        -1.355074996595922e-7,
        1.3969851518798276e-8,
        0,
        -1.3969853168186642e-8,
        -1.8626500644465878e-9,
        0.9999999999999999,
        0,
        2.714159,
        7.966547,
        6.21388,
        1
      ],
      "name": "group_9",
      "mesh": 34
    },
    {
      "matrix": [
        -1.3550749965959224e-7,
        -0.9999999000000003,
        -1.8626517712014594e-9,
        0,
        0.9999999,
        -1.355074996595922e-7,
        1.3969851518798276e-8,
        0,
        -1.3969853168186642e-8,
        -1.8626500644465878e-9,
        0.9999999999999999,
        0,
        2.714159,
        7.966547,
        6.21388,
        1
      ],
      "name": "group_9.001",
      "mesh": 35
    },
    {
      "matrix": [
        -1.3550749965959224e-7,
        -0.9999999000000003,
        -1.8626517712014594e-9,
        0,
        0.9999999,
        -1.355074996595922e-7,
        1.3969851518798276e-8,
        0,
        -1.3969853168186642e-8,
        -1.8626500644465878e-9,
        0.9999999999999999,
        0,
        1.711563,
        8.236147,
        7.895988,
        1
      ],
      "name": "group_10",
      "mesh": 36
    },
    {
      "matrix": [
        -1.3550749965959224e-7,
        -0.9999999000000003,
        -1.8626517712014594e-9,
        0,
        0.9999999,
        -1.355074996595922e-7,
        1.3969851518798276e-8,
        0,
        -1.3969853168186642e-8,
        -1.8626500644465878e-9,
        0.9999999999999999,
        0,
        1.711563,
        8.236147,
        7.895988,
        1
      ],
      "name": "group_10.001",
      "mesh": 37
    },
    {
      "matrix": [
        -1.3550749965959224e-7,
        -0.9999999000000003,
        -1.8626517712014594e-9,
        0,
        0.9999999,
        -1.355074996595922e-7,
        1.3969851518798276e-8,
        0,
        -1.3969853168186642e-8,
        -1.8626500644465878e-9,
        0.9999999999999999,
        0,
        5.64645,
        7.621927,
        7.887088,
        1
      ],
      "name": "group_11",
      "mesh": 38
    },
    {
      "matrix": [
        -1.3550749965959224e-7,
        -0.9999999000000003,
        -1.8626517712014594e-9,
        0,
        0.9999999,
        -1.355074996595922e-7,
        1.3969851518798276e-8,
        0,
        -1.3969853168186642e-8,
        -1.8626500644465878e-9,
        0.9999999999999999,
        0,
        5.64645,
        7.621927,
        7.887088,
        1
      ],
      "name": "group_11.001",
      "mesh": 39
    },
    {
      "matrix": [
        1.0000000000000002,
        2.3283066411617157e-9,
        1.490115000704732e-8,
        0,
        -2.32830649853665e-9,
        0.9999999,
        6.053599842954279e-9,
        0,
        -1.4901149992952675e-8,
        -6.05360048300877e-9,
        0.9999999999999999,
        0,
        0.3874879,
        3.183196,
        0.1195815,
        1
      ],
      "name": "group_14",
      "mesh": 40
    },
    {
      "matrix": [
        1.0000000000000002,
        2.3283066411617157e-9,
        1.490115000704732e-8,
        0,
        -2.32830649853665e-9,
        0.9999999,
        6.053599842954279e-9,
        0,
        -1.4901149992952675e-8,
        -6.05360048300877e-9,
        0.9999999999999999,
        0,
        0.3874879,
        3.183196,
        0.1195815,
        1
      ],
      "name": "group_14.001",
      "mesh": 41
    },
    {
      "matrix": [
        1.0000000000000002,
        2.3283066411617157e-9,
        1.490115000704732e-8,
        0,
        -2.32830649853665e-9,
        0.9999999,
        6.053599842954279e-9,
        0,
        -1.4901149992952675e-8,
        -6.05360048300877e-9,
        0.9999999999999999,
        0,
        0.3874879,
        3.183196,
        0.1195815,
        1
      ],
      "name": "group_14.002",
      "mesh": 42
    },
    {
      "matrix": [
        1.0000000000000002,
        2.3283066411617157e-9,
        1.490115000704732e-8,
        0,
        -2.32830649853665e-9,
        0.9999999,
        6.053599842954279e-9,
        0,
        -1.4901149992952675e-8,
        -6.05360048300877e-9,
        0.9999999999999999,
        0,
        0.3874879,
        3.183196,
        0.1195815,
        1
      ],
      "name": "group_14.003",
      "mesh": 43
    },
    {
      "matrix": [
        1.0000000000000002,
        2.3283066411617157e-9,
        1.490115000704732e-8,
        0,
        -2.32830649853665e-9,
        0.9999999,
        6.053599842954279e-9,
        0,
        -1.4901149992952675e-8,
        -6.05360048300877e-9,
        0.9999999999999999,
        0,
        0.3874879,
        3.183196,
        0.1195815,
        1
      ],
      "name": "group_14.004",
      "mesh": 44
    },
    {
      "matrix": [
        1.0000000000000002,
        2.3283066411617157e-9,
        1.490115000704732e-8,
        0,
        -2.32830649853665e-9,
        0.9999999,
        6.053599842954279e-9,
        0,
        -1.4901149992952675e-8,
        -6.05360048300877e-9,
        0.9999999999999999,
        0,
        0.3874865,
        0.0000038147,
        0.1195816,
        1
      ],
      "name": "group_15",
      "mesh": 45
    },
    {
      "matrix": [
        1.0000000000000002,
        2.3283066411617157e-9,
        1.490115000704732e-8,
        0,
        -2.32830649853665e-9,
        0.9999999,
        6.053599842954279e-9,
        0,
        -1.4901149992952675e-8,
        -6.05360048300877e-9,
        0.9999999999999999,
        0,
        0.3874865,
        0.0000038147,
        0.1195816,
        1
      ],
      "name": "group_15.001",
      "mesh": 46
    },
    {
      "matrix": [
        1.0000000000000002,
        2.3283066411617157e-9,
        1.490115000704732e-8,
        0,
        -2.32830649853665e-9,
        0.9999999,
        6.053599842954279e-9,
        0,
        -1.4901149992952675e-8,
        -6.05360048300877e-9,
        0.9999999999999999,
        0,
        0.3874865,
        0.0000038147,
        0.1195816,
        1
      ],
      "name": "group_15.002",
      "mesh": 47
    },
    {
      "matrix": [
        1.0000000000000002,
        2.3283066411617157e-9,
        1.490115000704732e-8,
        0,
        -2.32830649853665e-9,
        0.9999999,
        6.053599842954279e-9,
        0,
        -1.4901149992952675e-8,
        -6.05360048300877e-9,
        0.9999999999999999,
        0,
        0.3874865,
        0.0000038147,
        0.1195816,
        1
      ],
      "name": "group_15.003",
      "mesh": 48
    },
    {
      "matrix": [
        1.0000000000000002,
        2.3283066411617157e-9,
        1.490115000704732e-8,
        0,
        -2.32830649853665e-9,
        0.9999999,
        6.053599842954279e-9,
        0,
        -1.4901149992952675e-8,
        -6.05360048300877e-9,
        0.9999999999999999,
        0,
        0.3874865,
        0.0000038147,
        0.1195816,
        1
      ],
      "name": "group_15.004",
      "mesh": 49
    },
    {
      "matrix": [
        1.0000000000000002,
        2.3283066411617157e-9,
        1.490115000704732e-8,
        0,
        -2.32830649853665e-9,
        0.9999999,
        6.053599842954279e-9,
        0,
        -1.4901149992952675e-8,
        -6.05360048300877e-9,
        0.9999999999999999,
        0,
        4.76837e-7,
        0.3937016,
        -0.00000154972,
        1
      ],
      "name": "group_16",
      "mesh": 50
    },
    {
      "matrix": [
        1.0000000000000002,
        2.3283066411617157e-9,
        1.490115000704732e-8,
        0,
        -2.32830649853665e-9,
        0.9999999,
        6.053599842954279e-9,
        0,
        -1.4901149992952675e-8,
        -6.05360048300877e-9,
        0.9999999999999999,
        0,
        4.76837e-7,
        0.3937016,
        -0.00000154972,
        1
      ],
      "name": "group_16.001",
      "mesh": 51
    },
    {
      "matrix": [
        1.0000000000000002,
        2.3283066411617157e-9,
        1.490115000704732e-8,
        0,
        -2.32830649853665e-9,
        0.9999999,
        6.053599842954279e-9,
        0,
        -1.4901149992952675e-8,
        -6.05360048300877e-9,
        0.9999999999999999,
        0,
        4.76837e-7,
        0.3937016,
        -0.00000154972,
        1
      ],
      "name": "group_16.002",
      "mesh": 52
    },
    {
      "matrix": [
        1.0000000000000002,
        2.3283066411617157e-9,
        1.490115000704732e-8,
        0,
        -2.32830649853665e-9,
        0.9999999,
        6.053599842954279e-9,
        0,
        -1.4901149992952675e-8,
        -6.05360048300877e-9,
        0.9999999999999999,
        0,
        4.76837e-7,
        0.3937016,
        -0.00000154972,
        1
      ],
      "name": "group_16.003",
      "mesh": 53
    },
    {
      "matrix": [
        1.0000000000000002,
        2.3283066411617157e-9,
        1.490115000704732e-8,
        0,
        -2.32830649853665e-9,
        0.9999999,
        6.053599842954279e-9,
        0,
        -1.4901149992952675e-8,
        -6.05360048300877e-9,
        0.9999999999999999,
        0,
        4.76837e-7,
        0.3937016,
        -0.00000154972,
        1
      ],
      "name": "group_16.004",
      "mesh": 54
    },
    {
      "matrix": [
        1.0000000000000002,
        2.3283066411617157e-9,
        1.490115000704732e-8,
        0,
        -2.32830649853665e-9,
        0.9999999,
        6.053599842954279e-9,
        0,
        -1.4901149992952675e-8,
        -6.05360048300877e-9,
        0.9999999999999999,
        0,
        4.76837e-7,
        0.3937016,
        -0.00000154972,
        1
      ],
      "name": "group_16.005",
      "mesh": 55
    },
    {
      "matrix": [
        1.0000000000000002,
        2.3283066411617157e-9,
        1.490115000704732e-8,
        0,
        -2.32830649853665e-9,
        0.9999999,
        6.053599842954279e-9,
        0,
        -1.4901149992952675e-8,
        -6.05360048300877e-9,
        0.9999999999999999,
        0,
        4.76837e-7,
        0.3937016,
        -0.00000154972,
        1
      ],
      "name": "group_16.006",
      "mesh": 56
    },
    {
      "matrix": [
        1.0000000000000002,
        2.3283066411617157e-9,
        1.490115000704732e-8,
        0,
        -2.32830649853665e-9,
        0.9999999,
        6.053599842954279e-9,
        0,
        -1.4901149992952675e-8,
        -6.05360048300877e-9,
        0.9999999999999999,
        0,
        4.76837e-7,
        0.3937016,
        -0.00000154972,
        1
      ],
      "name": "group_16.007",
      "mesh": 57
    },
    {
      "matrix": [
        1.0000000000000002,
        2.3283066411617157e-9,
        1.490115000704732e-8,
        0,
        -2.32830649853665e-9,
        0.9999999,
        6.053599842954279e-9,
        0,
        -1.4901149992952675e-8,
        -6.05360048300877e-9,
        0.9999999999999999,
        0,
        4.76837e-7,
        0.3937016,
        -0.00000154972,
        1
      ],
      "name": "group_16.008",
      "mesh": 58
    },
    {
      "matrix": [
        1.0000000000000002,
        2.3283066411617157e-9,
        1.490115000704732e-8,
        0,
        -2.32830649853665e-9,
        0.9999999,
        6.053599842954279e-9,
        0,
        -1.4901149992952675e-8,
        -6.05360048300877e-9,
        0.9999999999999999,
        0,
        4.76837e-7,
        0.3937016,
        -0.00000154972,
        1
      ],
      "name": "group_16.009",
      "mesh": 59
    },
    {
      "matrix": [
        1.0000000000000002,
        2.3283066411617157e-9,
        1.490115000704732e-8,
        0,
        -2.32830649853665e-9,
        0.9999999,
        6.053599842954279e-9,
        0,
        -1.4901149992952675e-8,
        -6.05360048300877e-9,
        0.9999999999999999,
        0,
        4.76837e-7,
        0.3937016,
        -0.00000154972,
        1
      ],
      "name": "group_16.010",
      "mesh": 60
    },
    {
      "matrix": [
        1.0000000000000002,
        2.3283066411617157e-9,
        1.490115000704732e-8,
        0,
        -2.32830649853665e-9,
        0.9999999,
        6.053599842954279e-9,
        0,
        -1.4901149992952675e-8,
        -6.05360048300877e-9,
        0.9999999999999999,
        0,
        4.76837e-7,
        0.3937016,
        -0.00000154972,
        1
      ],
      "name": "group_16.011",
      "mesh": 61
    },
    {
      "matrix": [
        1.0000000000000002,
        2.3283066411617157e-9,
        1.490115000704732e-8,
        0,
        -2.32830649853665e-9,
        0.9999999,
        6.053599842954279e-9,
        0,
        -1.4901149992952675e-8,
        -6.05360048300877e-9,
        0.9999999999999999,
        0,
        4.76837e-7,
        0.3937016,
        -0.00000154972,
        1
      ],
      "name": "group_16.012",
      "mesh": 62
    },
    {
      "matrix": [
        1.0000000000000002,
        2.3283066411617157e-9,
        1.490115000704732e-8,
        0,
        -2.32830649853665e-9,
        0.9999999,
        6.053599842954279e-9,
        0,
        -1.4901149992952675e-8,
        -6.05360048300877e-9,
        0.9999999999999999,
        0,
        4.76837e-7,
        0.3937016,
        -0.00000154972,
        1
      ],
      "name": "group_16.013",
      "mesh": 63
    },
    {
      "matrix": [
        1.0000000000000002,
        2.3283066411617157e-9,
        1.490115000704732e-8,
        0,
        -2.32830649853665e-9,
        0.9999999,
        6.053599842954279e-9,
        0,
        -1.4901149992952675e-8,
        -6.05360048300877e-9,
        0.9999999999999999,
        0,
        4.76837e-7,
        0.3937016,
        -0.00000154972,
        1
      ],
      "name": "group_16.014",
      "mesh": 64
    },
    {
      "matrix": [
        1.0000000000000002,
        2.3283066411617157e-9,
        1.490115000704732e-8,
        0,
        -2.32830649853665e-9,
        0.9999999,
        6.053599842954279e-9,
        0,
        -1.4901149992952675e-8,
        -6.05360048300877e-9,
        0.9999999999999999,
        0,
        4.76837e-7,
        0.3937016,
        -0.00000154972,
        1
      ],
      "name": "group_16.015",
      "mesh": 65
    },
    {
      "matrix": [
        1.0000000000000002,
        2.3283066411617157e-9,
        1.490115000704732e-8,
        0,
        -2.32830649853665e-9,
        0.9999999,
        6.053599842954279e-9,
        0,
        -1.4901149992952675e-8,
        -6.05360048300877e-9,
        0.9999999999999999,
        0,
        4.76837e-7,
        0.3937016,
        -0.00000154972,
        1
      ],
      "name": "group_16.016",
      "mesh": 66
    },
    {
      "matrix": [
        1.0000000000000002,
        2.3283066411617157e-9,
        1.490115000704732e-8,
        0,
        -2.32830649853665e-9,
        0.9999999,
        6.053599842954279e-9,
        0,
        -1.4901149992952675e-8,
        -6.05360048300877e-9,
        0.9999999999999999,
        0,
        4.76837e-7,
        0.3937016,
        -0.00000154972,
        1
      ],
      "name": "group_16.017",
      "mesh": 67
    },
    {
      "matrix": [
        1.0000000000000002,
        2.3283066411617157e-9,
        1.490115000704732e-8,
        0,
        -2.32830649853665e-9,
        0.9999999,
        6.053599842954279e-9,
        0,
        -1.4901149992952675e-8,
        -6.05360048300877e-9,
        0.9999999999999999,
        0,
        4.76837e-7,
        0.3937016,
        -0.00000154972,
        1
      ],
      "name": "group_16.018",
      "mesh": 68
    },
    {
      "matrix": [
        1.0000000000000002,
        2.3283066411617157e-9,
        1.490115000704732e-8,
        0,
        -2.32830649853665e-9,
        0.9999999,
        6.053599842954279e-9,
        0,
        -1.4901149992952675e-8,
        -6.05360048300877e-9,
        0.9999999999999999,
        0,
        4.76837e-7,
        0.3937016,
        -0.00000154972,
        1
      ],
      "name": "group_16.019",
      "mesh": 69
    },
    {
      "matrix": [
        1.0000000000000002,
        2.3283066411617157e-9,
        1.490115000704732e-8,
        0,
        -2.32830649853665e-9,
        0.9999999,
        6.053599842954279e-9,
        0,
        -1.4901149992952675e-8,
        -6.05360048300877e-9,
        0.9999999999999999,
        0,
        4.76837e-7,
        0.3937016,
        -0.00000154972,
        1
      ],
      "name": "group_16.020",
      "mesh": 70
    },
    {
      "matrix": [
        1.0000000000000002,
        2.3283066411617157e-9,
        1.490115000704732e-8,
        0,
        -2.32830649853665e-9,
        0.9999999,
        6.053599842954279e-9,
        0,
        -1.4901149992952675e-8,
        -6.05360048300877e-9,
        0.9999999999999999,
        0,
        4.76837e-7,
        0.3937016,
        -0.00000154972,
        1
      ],
      "name": "group_16.021",
      "mesh": 71
    },
    {
      "matrix": [
        1.0000000000000002,
        2.3283066411617157e-9,
        1.490115000704732e-8,
        0,
        -2.32830649853665e-9,
        0.9999999,
        6.053599842954279e-9,
        0,
        -1.4901149992952675e-8,
        -6.05360048300877e-9,
        0.9999999999999999,
        0,
        4.76837e-7,
        0.3937016,
        -0.00000154972,
        1
      ],
      "name": "group_16.022",
      "mesh": 72
    },
    {
      "matrix": [
        1.0000000000000002,
        2.3283066411617157e-9,
        1.490115000704732e-8,
        0,
        -2.32830649853665e-9,
        0.9999999,
        6.053599842954279e-9,
        0,
        -1.4901149992952675e-8,
        -6.05360048300877e-9,
        0.9999999999999999,
        0,
        4.76837e-7,
        0.3937016,
        -0.00000154972,
        1
      ],
      "name": "group_16.023",
      "mesh": 73
    },
    {
      "matrix": [
        1.0000000000000002,
        2.3283066411617157e-9,
        1.490115000704732e-8,
        0,
        -2.32830649853665e-9,
        0.9999999,
        6.053599842954279e-9,
        0,
        -1.4901149992952675e-8,
        -6.05360048300877e-9,
        0.9999999999999999,
        0,
        4.76837e-7,
        0.3937016,
        -0.00000154972,
        1
      ],
      "name": "group_16.024",
      "mesh": 74
    },
    {
      "matrix": [
        1.0000000000000002,
        2.3283066411617157e-9,
        1.490115000704732e-8,
        0,
        -2.32830649853665e-9,
        0.9999999,
        6.053599842954279e-9,
        0,
        -1.4901149992952675e-8,
        -6.05360048300877e-9,
        0.9999999999999999,
        0,
        4.76837e-7,
        0.3937016,
        -0.00000154972,
        1
      ],
      "name": "group_16.025",
      "mesh": 75
    },
    {
      "matrix": [
        1.0000000000000002,
        2.3283066411617157e-9,
        1.490115000704732e-8,
        0,
        -2.32830649853665e-9,
        0.9999999,
        6.053599842954279e-9,
        0,
        -1.4901149992952675e-8,
        -6.05360048300877e-9,
        0.9999999999999999,
        0,
        4.76837e-7,
        0.3937016,
        -0.00000154972,
        1
      ],
      "name": "group_16.026",
      "mesh": 76
    },
    {
      "matrix": [
        1.0000000000000002,
        4.656614653055762e-10,
        1.4901150001084203e-8,
        0,
        -4.656614881282701e-10,
        0.9999999,
        4.6566097637000544e-9,
        0,
        -1.4901149998915792e-8,
        -4.65661023629997e-9,
        0.9999999999999999,
        0,
        7.030608,
        0.00000190735,
        0.1527576,
        1
      ],
      "name": "group_13",
      "children": [
        42,
        43,
        44,
        45,
        46,
        47,
        48,
        49,
        50,
        51,
        52,
        53,
        54,
        55,
        56,
        57,
        58,
        59,
        60,
        61,
        62,
        63,
        64,
        65,
        66,
        67,
        68,
        69,
        70,
        71,
        72,
        73,
        74,
        75,
        76,
        77,
        78
      ]
    },
    {
      "matrix": [
        1.0000000000000002,
        -2.1166472793339856e-9,
        1.4901149995295803e-8,
        0,
        9.313249854283185e-10,
        0.4400001,
        1.9557794397694065e-9,
        0,
        -1.4901150004704191e-8,
        -4.444952230446296e-9,
        0.9999999999999999,
        0,
        9.840086,
        1.677166,
        0.00000143051,
        1
      ],
      "name": "group_17",
      "mesh": 77
    },
    {
      "matrix": [
        1.0000000000000002,
        -2.1166472793339856e-9,
        1.4901149995295803e-8,
        0,
        9.313249854283185e-10,
        0.4400001,
        1.9557794397694065e-9,
        0,
        -1.4901150004704191e-8,
        -4.444952230446296e-9,
        0.9999999999999999,
        0,
        9.840086,
        1.677166,
        0.00000143051,
        1
      ],
      "name": "group_17.001",
      "mesh": 78
    },
    {
      "matrix": [
        1.0000000000000002,
        -6.938892207669631e-18,
        1.490115e-8,
        0,
        -6.9388915137804074e-18,
        0.9999999,
        9.3132295343385e-10,
        0,
        -1.4901149999999994e-8,
        -9.313230465661547e-10,
        0.9999999999999999,
        0,
        0.2952752,
        1.668736,
        1.668734,
        1
      ],
      "name": "group_21",
      "mesh": 79
    },
    {
      "matrix": [
        1.0000000000000002,
        -6.938892207669631e-18,
        1.490115e-8,
        0,
        -6.9388915137804074e-18,
        0.9999999,
        9.3132295343385e-10,
        0,
        -1.4901149999999994e-8,
        -9.313230465661547e-10,
        0.9999999999999999,
        0,
        0.2952752,
        1.668736,
        1.668734,
        1
      ],
      "name": "group_21.001",
      "mesh": 80
    },
    {
      "matrix": [
        1.0000000000000002,
        4.656621418473248e-10,
        1.4901149979942247e-8,
        0,
        4.656608115865909e-10,
        -0.9999998999999998,
        8.614734576594945e-8,
        0,
        1.49011500200578e-8,
        -8.614735437374597e-8,
        -0.9999999999999996,
        0,
        2.38419e-7,
        0.1968517,
        0.1968517,
        1
      ],
      "name": "group_22",
      "mesh": 81
    },
    {
      "matrix": [
        1.0000000000000002,
        4.656621418473248e-10,
        1.4901149979942247e-8,
        0,
        4.656608115865909e-10,
        -0.9999998999999998,
        8.614734576594945e-8,
        0,
        1.49011500200578e-8,
        -8.614735437374597e-8,
        -0.9999999999999996,
        0,
        2.38419e-7,
        0.1968517,
        0.1968517,
        1
      ],
      "name": "group_22.001",
      "mesh": 82
    },
    {
      "matrix": [
        1.0000000000000002,
        4.97770882229835e-14,
        1.490115022291837e-8,
        0,
        -1.4901148732796879e-8,
        -1.2991949993367462e-7,
        0.9999999000000004,
        0,
        5.1713033231605956e-14,
        -0.9999998999999998,
        -1.2991949993367454e-7,
        0,
        0.2952785,
        0.1968536,
        1.668735,
        1
      ],
      "name": "group_23",
      "mesh": 83
    },
    {
      "matrix": [
        1.0000000000000002,
        4.97770882229835e-14,
        1.490115022291837e-8,
        0,
        -1.4901148732796879e-8,
        -1.2991949993367462e-7,
        0.9999999000000004,
        0,
        5.1713033231605956e-14,
        -0.9999998999999998,
        -1.2991949993367454e-7,
        0,
        0.2952785,
        0.1968536,
        1.668735,
        1
      ],
